-2.603406848179190547e-01
-4.347214420999279127e-03
3.479983834661481978e-02
1.193489179869331451e-01
-1.612368525351666193e-01
1.788143955136121122e-01
-1.022209264625677516e-01
6.718002852812077208e-02
-1.451349741858543041e-02
-2.072878101330744016e-02
-5.016648292317427149e-02
-6.619124893692251987e-01
1.441738510798771244e-01
1.134181117936101657e-01
2.023636764011982336e-01
2.907885405636356779e-02
8.411851934620084847e-02
2.828854965811444799e-01
1.150425274482955729e-01
1.527835354632129494e+00
-1.158550854193107771e-01
7.132145172553583379e-02
2.329835855047164728e+00
6.075914342257640044e-01
3.432540717280474496e-02
2.044283704308029748e-01
1.151807607345745055e-02
-1.057476751247605762e-01
-4.458293475201635658e-01
-2.097747873622957115e-02
-5.106583567518896416e-02
-4.861350699983590928e-01
-1.529103670558029648e-01
-1.945048356934648837e-01
-1.402220694719595873e-01
-1.695219055400989383e-01
1.069912577074556559e-01
-5.217189730097242517e-01
-2.758879404431602289e-02
-2.851403444271127796e-01
-3.231820310663380269e-03
1.203355030940755910e-02
-5.007602053461823743e-02
-3.725447535643366948e-02
-2.717662293755437108e+00
-1.257875014094973487e-01
7.265232415512468123e-02
3.073130653341740182e-01
-2.714074264910069090e-01
-7.401685771429882266e-01
-6.061605127241200819e-01
-7.967498441508796825e-02
-1.643823258325181058e-01
-1.940169920472456511e-02
-1.208519007520507671e-01
-3.348216724934758304e-01
-7.297187081997691394e-02
-3.522947811073340318e-02
-1.111612057344721904e-01
-4.476063532380774035e-01
1.790470682164375660e-01
4.057504739692241458e-02
-4.370457621011514249e-02
-4.154225406850997615e-02
1.899526773110657984e-01
-9.556175126932231478e-02
-2.313292461072578021e-01
-6.179770384744576184e-02
1.634185475589329251e-01
-1.671850815306221705e-01
3.977424600703436397e-01
3.618340896734295598e-02
-1.061922375535040430e-01
-6.986028617252060258e-02
-6.722407899364579720e-02
-3.610714086041149073e-01
-4.615816290757379647e-02
-1.193656341767385110e-01
6.217758090353022737e-01
-7.838768381648968386e-01
-5.420476883995739570e-02
-5.672064488586836539e-02
5.625914266207754366e-02
-3.406507604054063165e-01
1.704975196006479621e-01
-1.060913940586445392e-01
8.983716310488887302e-04
-4.960798315531178559e-02
-9.673679332648177365e-02
-4.841595003328791336e-02
-6.467748415808216578e-03
-4.180218976848948387e-02
-2.372758419624432236e-02
2.935276503052861585e-01
-8.963831661755738978e-02
-2.556193075754364941e-02
2.846522550000436524e-01
-3.846690679396935764e-01
-1.251095936140913523e-01
-7.820798351596791598e-02
4.226178501480148952e-02
-8.446857960376874530e-01
-5.424533730358049866e-02
2.583312036069390416e+00
2.085620300453783216e-02
1.863498384935278196e-01
1.436459859434897623e-01
-6.660963243463413619e-02
1.453430846274867960e-01
1.154597631316889306e-02
5.036015183359765501e-02
-2.660895743464646301e-01
1.936840291916848145e-01
7.202226174023529381e-01
-7.879868216675589565e-02
-6.738647043462009378e-02
-4.437361327775235509e-02
7.413547479239070981e-01
1.636724860844100959e-01
3.174442440385065733e-01
-2.825720498418604620e-02
1.802999649244441116e-02
-1.967181270287809980e-02
2.508153550557388201e-01
1.147745022561608153e-02
3.585893310995089678e-01
8.532783800891152737e-02
1.088457790585373175e-01
-2.804636417080708100e-02
1.720803395569863170e-01
-1.142296846845312075e-01
1.798097198207031511e-01
6.531843754342503416e-02
-1.735213846017842343e-01
1.269832888010924421e-02
-1.024296369855814959e-01
1.593398218809696232e-01
1.030352806892906870e-01
-4.340326422375184734e-02
-1.116902908911960424e+00
-1.913429304024472088e+00
4.614349548217333563e-02
-9.115873837420451764e-02
3.593197397249880964e-02
6.391947818060117470e-02
-2.164107190194624053e-01
-2.190061044037605598e-02
-3.877950110307750720e-01
-4.574506101491238041e-01
9.192296346217787573e-02
1.530644232025828444e-01
-5.967798401357136129e-01
-2.626253793518639412e+00
5.167627077315284367e-01
4.377776022780714982e-01
-1.323985099851277880e+00
1.343810148757391687e-01
-2.999165549809390541e-03
-7.646034155265546417e-02
7.365640981856280689e-02
1.229681634465240592e-02
-4.944947127411325472e-02
9.971253330267515480e-02
-6.201033176091534926e-01
-1.901124257041590937e-01
-1.477497497188142717e-01
-1.713438493672150287e-01
2.615851556422228441e-01
6.120601866161479165e-03
-2.513355406131260850e+00
2.167150487026958672e-02
-1.658926657455594977e-02
-1.967249660662417909e-01
1.970450083079491321e+00
1.941092292828550114e-01
9.353587096597637540e-02
-1.902665798732172675e-02
-1.751258322420667923e-02
4.957797278032602950e-01
6.880539319962961087e-02
1.162934760272626988e-02
-9.024487115288337691e-02
-1.332748369782450482e-01
-1.139844371642125154e+00
1.932813917208598298e+00
-4.422297590246060395e-02
-3.099883934154476606e+00
1.149517216965580957e-01
-1.438348815292773253e+00
-1.604053723516640773e-01
8.741839123201344819e-02
7.880029801714627524e-02
1.248476063647849799e-01
2.929261814428940625e-02
5.557096507712082634e-01
1.143475946728216286e-01
-6.510068458256927926e-01
4.819634917445028144e-01
-5.936607237714142116e-02
-4.366000794033908505e-02
-5.559735193800818820e-02
7.011332743696083725e-01
1.098610942210829222e-01
1.134458547705061715e-01
6.120403598300887538e-01
-1.211452641020507315e-01
-2.082168953581575721e-01
