0.000000000000000000e+00
0.000000000000000000e+00
0.000000000000000000e+00
0.000000000000000000e+00
0.000000000000000000e+00
0.000000000000000000e+00
0.000000000000000000e+00
0.000000000000000000e+00
0.000000000000000000e+00
0.000000000000000000e+00
0.000000000000000000e+00
0.000000000000000000e+00
0.000000000000000000e+00
0.000000000000000000e+00
0.000000000000000000e+00
0.000000000000000000e+00
0.000000000000000000e+00
0.000000000000000000e+00
0.000000000000000000e+00
0.000000000000000000e+00
0.000000000000000000e+00
0.000000000000000000e+00
0.000000000000000000e+00
0.000000000000000000e+00
0.000000000000000000e+00
0.000000000000000000e+00
0.000000000000000000e+00
0.000000000000000000e+00
0.000000000000000000e+00
0.000000000000000000e+00
0.000000000000000000e+00
0.000000000000000000e+00
0.000000000000000000e+00
0.000000000000000000e+00
0.000000000000000000e+00
0.000000000000000000e+00
0.000000000000000000e+00
0.000000000000000000e+00
0.000000000000000000e+00
0.000000000000000000e+00
0.000000000000000000e+00
0.000000000000000000e+00
0.000000000000000000e+00
0.000000000000000000e+00
0.000000000000000000e+00
0.000000000000000000e+00
0.000000000000000000e+00
0.000000000000000000e+00
0.000000000000000000e+00
0.000000000000000000e+00
0.000000000000000000e+00
0.000000000000000000e+00
0.000000000000000000e+00
0.000000000000000000e+00
0.000000000000000000e+00
0.000000000000000000e+00
0.000000000000000000e+00
0.000000000000000000e+00
0.000000000000000000e+00
0.000000000000000000e+00
0.000000000000000000e+00
0.000000000000000000e+00
0.000000000000000000e+00
0.000000000000000000e+00
0.000000000000000000e+00
0.000000000000000000e+00
0.000000000000000000e+00
0.000000000000000000e+00
0.000000000000000000e+00
0.000000000000000000e+00
0.000000000000000000e+00
0.000000000000000000e+00
0.000000000000000000e+00
0.000000000000000000e+00
0.000000000000000000e+00
0.000000000000000000e+00
0.000000000000000000e+00
0.000000000000000000e+00
0.000000000000000000e+00
0.000000000000000000e+00
0.000000000000000000e+00
0.000000000000000000e+00
0.000000000000000000e+00
0.000000000000000000e+00
0.000000000000000000e+00
0.000000000000000000e+00
0.000000000000000000e+00
0.000000000000000000e+00
0.000000000000000000e+00
0.000000000000000000e+00
0.000000000000000000e+00
0.000000000000000000e+00
0.000000000000000000e+00
0.000000000000000000e+00
0.000000000000000000e+00
0.000000000000000000e+00
0.000000000000000000e+00
1.941041418255777529e-02
7.756611479387368058e-02
8.705143665063344582e-02
8.767335445766956392e-02
1.071554659720933972e-01
1.168331507370647115e-01
1.169192378724636799e-01
9.769534433040369392e-02
7.818842711304929693e-02
5.861388798891277452e-02
2.937341967148544841e-02
2.937341967148544841e-02
9.790364826905661316e-03
0.000000000000000000e+00
0.000000000000000000e+00
0.000000000000000000e+00
0.000000000000000000e+00
0.000000000000000000e+00
0.000000000000000000e+00
0.000000000000000000e+00
0.000000000000000000e+00
0.000000000000000000e+00
0.000000000000000000e+00
0.000000000000000000e+00
0.000000000000000000e+00
0.000000000000000000e+00
0.000000000000000000e+00
0.000000000000000000e+00
0.000000000000000000e+00
0.000000000000000000e+00
0.000000000000000000e+00
0.000000000000000000e+00
0.000000000000000000e+00
0.000000000000000000e+00
0.000000000000000000e+00
0.000000000000000000e+00
0.000000000000000000e+00
0.000000000000000000e+00
7.564093215950740828e-03
2.285477406242657911e-02
3.155830371838971860e-02
3.155830371838971860e-02
3.957778036708442526e-02
5.822579963482252263e-02
7.044392574973695753e-02
9.986081339311851657e-02
1.279981154231017715e-01
1.404111213161992333e-01
1.539690124435234841e-01
1.929989930979147394e-01
2.348459824555421127e-01
4.587335685628198823e-01
6.717940971224001245e-01
7.455920361433543420e-01
9.174104551897527271e-01
9.834116657407446782e-01
9.846991137696247121e-01
9.856647039919843589e-01
9.961451245456389714e-01
9.964583789045866613e-01
9.964860180237669063e-01
9.966820754481804379e-01
9.967183802206716070e-01
9.967175850707472584e-01
9.965626832750218433e-01
9.960893007647412256e-01
9.851443632053689115e-01
9.645994342757614470e-01
9.022770871014270666e-01
8.091173053026247119e-01
4.968290927779969723e-01
3.468181254892779286e-01
2.878628384231326498e-01
1.792605665528141101e-01
1.783406763545416218e-01
1.681239934010548831e-01
1.284985584269436876e-01
9.172200546941479404e-02
9.967886141340671913e-02
6.390514782429718155e-02
8.032152402232110855e-02
6.044016248414549319e-02
5.161409655118846113e-02
4.205762269131940734e-02
4.093236927449930146e-02
4.090983760150657816e-02
3.282244147470860657e-02
2.531028404430003473e-02
9.865763212463941889e-03
9.865763212463941889e-03
9.904160294026690542e-03
9.922562582821708652e-03
9.922562582821708652e-03
7.140521928228833574e-03
7.140521928228833574e-03
5.829884570353037823e-03
5.829884570353037823e-03
5.829884570353037823e-03
4.436487841491741115e-03
4.436487841491741115e-03
0.000000000000000000e+00
5.557047867099953325e-03
5.557047867099953325e-03
5.557047867099953325e-03
5.557047867099953325e-03
3.327114522213633213e-02
3.327114522213633213e-02
3.327114522213633213e-02
4.710337650190372927e-02
7.196445251497603224e-02
1.160343103932255232e-01
1.577981076004181527e-01
2.132645944630510160e-01
3.000764271381983206e-01
4.335212460178535787e-01
5.828471487710206178e-01
7.892738265864235325e-01
8.707840348638147265e-01
9.016812145970289905e-01
9.506218195138543825e-01
9.709807589253220961e-01
9.815967622373369394e-01
9.919274272219993360e-01
9.936816628931769424e-01
9.933860252149190329e-01
9.929751946024993892e-01
9.922610792844069882e-01
9.912237904206260275e-01
9.902134130042371529e-01
9.904746347170667597e-01
9.891852692239627709e-01
9.690760976746061184e-01
9.572562993904278894e-01
9.240676143577094548e-01
8.514222099746269201e-01
7.988028800002898722e-01
7.337854972091426564e-01
5.701576109042671980e-01
4.146901807457755718e-01
1.810152589926205258e-01
1.145614702746945157e-01
7.633936365416381375e-02
5.089150882234158568e-02
2.655606361546604746e-02
1.904574771529617822e-02
2.899720851019365470e-02
2.899720851019365470e-02
9.893204629717954057e-03
9.893204629717954057e-03
9.893204629717954057e-03
9.893204629717954057e-03
9.893204629717954057e-03
9.893204629717954057e-03
9.893204629717954057e-03
9.940120087859992057e-03
9.953665886609223967e-03
9.953665886609223967e-03
0.000000000000000000e+00
0.000000000000000000e+00
0.000000000000000000e+00
9.921361314884153543e-03
9.921361314884153543e-03
9.921361314884153543e-03
9.917025542022828849e-03
9.917025542022828849e-03
9.959655783596668005e-03
9.959655783596668005e-03
9.959655783596668005e-03
9.959655783596668005e-03
9.959655783596668005e-03
0.000000000000000000e+00
0.000000000000000000e+00
0.000000000000000000e+00
0.000000000000000000e+00
0.000000000000000000e+00
7.683381910410927614e-03
4.447322489459878958e-02
9.122256558173877372e-02
1.366263841981933125e-01
1.668013681861821584e-01
2.636098085040102790e-01
4.210434457475337733e-01
5.392123755176017053e-01
6.094596729694961024e-01
7.299734014633656454e-01
8.150568037005306854e-01
8.750631732459978052e-01
8.962776302091711722e-01
9.388318472830632366e-01
9.686951210999058537e-01
9.798666129499047361e-01
9.805733602600690269e-01
9.805248853732674297e-01
9.704320519788948163e-01
9.502537386920565377e-01
9.398863249349658222e-01
9.387928386678189296e-01
9.081511136325609579e-01
8.759223817208003915e-01
8.365138169037537041e-01
8.059244078656946364e-01
7.855848938911752510e-01
6.865066992683003244e-01
6.252350987830083140e-01
5.654183719816281428e-01
4.527053319111744578e-01
3.116143385520692144e-01
1.782705375048387053e-01
3.750332521660265650e-02
2.775561075421628665e-02
1.982579877725772211e-02
9.825098564934591286e-03
9.825098564934591286e-03
9.897173688895947660e-03
9.953570844782851437e-03
9.953570844782851437e-03
9.953570844782851437e-03
9.648969212411161872e-03
9.648969212411161872e-03
9.599931367759811235e-03
9.599931367759811235e-03
9.599931367759811235e-03
9.599931367759811235e-03
9.599931367759811235e-03
0.000000000000000000e+00
0.000000000000000000e+00
0.000000000000000000e+00
0.000000000000000000e+00
0.000000000000000000e+00
0.000000000000000000e+00
0.000000000000000000e+00
0.000000000000000000e+00
0.000000000000000000e+00
0.000000000000000000e+00
0.000000000000000000e+00
0.000000000000000000e+00
0.000000000000000000e+00
0.000000000000000000e+00
0.000000000000000000e+00
0.000000000000000000e+00
0.000000000000000000e+00
0.000000000000000000e+00
0.000000000000000000e+00
0.000000000000000000e+00
9.638401270562169457e-03
9.638401270562169457e-03
2.787196476890560493e-02
2.787196476890560493e-02
3.706848507108109758e-02
5.684692559172575821e-02
7.463354819128012463e-02
2.502741451856514421e-01
3.903962472485889568e-01
4.935237716293091603e-01
6.511568980960928954e-01
7.034983627761732805e-01
7.842101393780582796e-01
8.452019767749034962e-01
9.160185289290144750e-01
9.274265172400475432e-01
9.681948807660133438e-01
9.883250756854470298e-01
9.887494496299028546e-01
9.887622859402170894e-01
9.674481308605882290e-01
9.358067386385532371e-01
9.248337563223688607e-01
8.955203086556547953e-01
8.546220847097797391e-01
8.045880899600925673e-01
7.246318554143010848e-01
7.001456019214399307e-01
6.198323692435583343e-01
5.011180968049430140e-01
3.672267291856295413e-01
2.658863731235703853e-01
1.040023924560048441e-01
5.693223172081585820e-02
3.661177459195334716e-02
2.719374784285354466e-02
2.683585180025141459e-02
2.647027162864512215e-02
1.650813003766149825e-02
2.337003404775473900e-02
2.337003404775473900e-02
1.650813003766149825e-02
7.244703186606837528e-03
9.813469104199888313e-03
9.813469104199888313e-03
6.093028265574409151e-03
6.093028265574409151e-03
6.093028265574409151e-03
6.065105667646208606e-03
6.065105667646208606e-03
6.065105667646208606e-03
6.065105667646208606e-03
8.806312261425155996e-03
8.806312261425155996e-03
8.806312261425155996e-03
0.000000000000000000e+00
0.000000000000000000e+00
0.000000000000000000e+00
0.000000000000000000e+00
0.000000000000000000e+00
0.000000000000000000e+00
0.000000000000000000e+00
0.000000000000000000e+00
0.000000000000000000e+00
0.000000000000000000e+00
0.000000000000000000e+00
7.494162274902915928e-03
7.494162274902915928e-03
7.494162274902915928e-03
7.494162274902915928e-03
7.494162274902915928e-03
7.494162274902915928e-03
7.494162274902915928e-03
7.494162274902915928e-03
7.494162274902915928e-03
1.602573572759159390e-02
5.654352234344935807e-02
1.069288870982406103e-01
2.222794247399408063e-01
3.511031940814403063e-01
4.488769496600243381e-01
5.758005175091669425e-01
6.932448870768941340e-01
7.137373504404379565e-01
7.866614507861576788e-01
8.270083559735375012e-01
8.490731436572513946e-01
9.299717065286691176e-01
9.402913774980729000e-01
9.694023116717964683e-01
9.680861217678803365e-01
9.461711024399138692e-01
9.048211075623044941e-01
8.648951693974722410e-01
7.644555919650057874e-01
7.344462726079236115e-01
6.729515464689876936e-01
6.630506882283300207e-01
6.373054044437832522e-01
5.882571098993912839e-01
5.481092197252529497e-01
4.720736522029749804e-01
4.422598644886454600e-01
4.227884608145558443e-01
3.604509831381678131e-01
2.817424598788945689e-01
2.434396510411874770e-01
1.541090976991693062e-01
1.373759093137277565e-01
1.077556106604706243e-01
6.751491396156505953e-02
5.718081771331338936e-02
3.737999176406291840e-02
2.768050207582707298e-02
9.610602465820967943e-03
1.940332453396851828e-02
0.000000000000000000e+00
0.000000000000000000e+00
0.000000000000000000e+00
0.000000000000000000e+00
0.000000000000000000e+00
0.000000000000000000e+00
0.000000000000000000e+00
0.000000000000000000e+00
0.000000000000000000e+00
0.000000000000000000e+00
0.000000000000000000e+00
0.000000000000000000e+00
0.000000000000000000e+00
0.000000000000000000e+00
0.000000000000000000e+00
0.000000000000000000e+00
0.000000000000000000e+00
0.000000000000000000e+00
0.000000000000000000e+00
0.000000000000000000e+00
0.000000000000000000e+00
0.000000000000000000e+00
0.000000000000000000e+00
0.000000000000000000e+00
0.000000000000000000e+00
0.000000000000000000e+00
0.000000000000000000e+00
0.000000000000000000e+00
0.000000000000000000e+00
0.000000000000000000e+00
0.000000000000000000e+00
0.000000000000000000e+00
0.000000000000000000e+00
1.946347468928149443e-02
7.793269115754350440e-02
1.979171312744388844e-01
3.667114081350469901e-01
4.968037358305574247e-01
6.065216927317313989e-01
7.067699166476019146e-01
8.368694674462215932e-01
9.167692192245558980e-01
9.862253151206300528e-01
9.966622143312794391e-01
9.966508165594776258e-01
9.961250040969971131e-01
9.956925492725805515e-01
9.748523970532975147e-01
8.908071475551695428e-01
7.011939349138978095e-01
5.907090278323591237e-01
4.927325842998676042e-01
4.328781012478389312e-01
3.821603714939078023e-01
2.973460836178438149e-01
1.821412081630971180e-01
9.694130897037148142e-02
5.379094341580441252e-02
3.563610431031585118e-02
8.913638326518430119e-03
0.000000000000000000e+00
9.950275481622259180e-03
9.950275481622259180e-03
9.950275481622259180e-03
9.959930404658142583e-03
9.965074822788780665e-03
9.965074822788780665e-03
9.965074822788780665e-03
9.965074822788780665e-03
9.965074822788780665e-03
9.965074822788780665e-03
9.954848802221073073e-03
9.908661513200984344e-03
9.908661513200984344e-03
9.885885788784411557e-03
0.000000000000000000e+00
0.000000000000000000e+00
0.000000000000000000e+00
0.000000000000000000e+00
0.000000000000000000e+00
0.000000000000000000e+00
0.000000000000000000e+00
0.000000000000000000e+00
0.000000000000000000e+00
0.000000000000000000e+00
0.000000000000000000e+00
0.000000000000000000e+00
0.000000000000000000e+00
0.000000000000000000e+00
0.000000000000000000e+00
0.000000000000000000e+00
0.000000000000000000e+00
0.000000000000000000e+00
0.000000000000000000e+00
0.000000000000000000e+00
0.000000000000000000e+00
0.000000000000000000e+00
0.000000000000000000e+00
0.000000000000000000e+00
0.000000000000000000e+00
0.000000000000000000e+00
0.000000000000000000e+00
0.000000000000000000e+00
0.000000000000000000e+00
0.000000000000000000e+00
0.000000000000000000e+00
0.000000000000000000e+00
0.000000000000000000e+00
0.000000000000000000e+00
0.000000000000000000e+00
0.000000000000000000e+00
0.000000000000000000e+00
0.000000000000000000e+00
0.000000000000000000e+00
0.000000000000000000e+00
0.000000000000000000e+00
0.000000000000000000e+00
0.000000000000000000e+00
0.000000000000000000e+00
0.000000000000000000e+00
0.000000000000000000e+00
0.000000000000000000e+00
0.000000000000000000e+00
0.000000000000000000e+00
0.000000000000000000e+00
0.000000000000000000e+00
0.000000000000000000e+00
0.000000000000000000e+00
0.000000000000000000e+00
0.000000000000000000e+00
0.000000000000000000e+00
0.000000000000000000e+00
0.000000000000000000e+00
0.000000000000000000e+00
0.000000000000000000e+00
0.000000000000000000e+00
0.000000000000000000e+00
0.000000000000000000e+00
0.000000000000000000e+00
0.000000000000000000e+00
0.000000000000000000e+00
0.000000000000000000e+00
0.000000000000000000e+00
0.000000000000000000e+00
0.000000000000000000e+00
0.000000000000000000e+00
0.000000000000000000e+00
0.000000000000000000e+00
0.000000000000000000e+00
0.000000000000000000e+00
0.000000000000000000e+00
0.000000000000000000e+00
0.000000000000000000e+00
0.000000000000000000e+00
0.000000000000000000e+00
0.000000000000000000e+00
0.000000000000000000e+00
0.000000000000000000e+00
0.000000000000000000e+00
0.000000000000000000e+00
0.000000000000000000e+00
0.000000000000000000e+00
0.000000000000000000e+00
0.000000000000000000e+00
0.000000000000000000e+00
0.000000000000000000e+00
0.000000000000000000e+00
0.000000000000000000e+00
0.000000000000000000e+00
0.000000000000000000e+00
0.000000000000000000e+00
0.000000000000000000e+00
0.000000000000000000e+00
0.000000000000000000e+00
0.000000000000000000e+00
0.000000000000000000e+00
0.000000000000000000e+00
0.000000000000000000e+00
0.000000000000000000e+00
0.000000000000000000e+00
0.000000000000000000e+00
0.000000000000000000e+00
0.000000000000000000e+00
0.000000000000000000e+00
0.000000000000000000e+00
0.000000000000000000e+00
0.000000000000000000e+00
0.000000000000000000e+00
0.000000000000000000e+00
0.000000000000000000e+00
0.000000000000000000e+00
0.000000000000000000e+00
0.000000000000000000e+00
0.000000000000000000e+00
0.000000000000000000e+00
0.000000000000000000e+00
0.000000000000000000e+00
0.000000000000000000e+00
0.000000000000000000e+00
0.000000000000000000e+00
0.000000000000000000e+00
0.000000000000000000e+00
0.000000000000000000e+00
0.000000000000000000e+00
0.000000000000000000e+00
0.000000000000000000e+00
0.000000000000000000e+00
0.000000000000000000e+00
0.000000000000000000e+00
0.000000000000000000e+00
0.000000000000000000e+00
0.000000000000000000e+00
0.000000000000000000e+00
0.000000000000000000e+00
0.000000000000000000e+00
0.000000000000000000e+00
0.000000000000000000e+00
0.000000000000000000e+00
0.000000000000000000e+00
0.000000000000000000e+00
0.000000000000000000e+00
0.000000000000000000e+00
0.000000000000000000e+00
0.000000000000000000e+00
0.000000000000000000e+00
0.000000000000000000e+00
0.000000000000000000e+00
0.000000000000000000e+00
0.000000000000000000e+00
0.000000000000000000e+00
0.000000000000000000e+00
0.000000000000000000e+00
0.000000000000000000e+00
0.000000000000000000e+00
0.000000000000000000e+00
0.000000000000000000e+00
0.000000000000000000e+00
0.000000000000000000e+00
0.000000000000000000e+00
0.000000000000000000e+00
0.000000000000000000e+00
0.000000000000000000e+00
0.000000000000000000e+00
0.000000000000000000e+00
0.000000000000000000e+00
0.000000000000000000e+00
0.000000000000000000e+00
0.000000000000000000e+00
0.000000000000000000e+00
0.000000000000000000e+00
0.000000000000000000e+00
0.000000000000000000e+00
0.000000000000000000e+00
0.000000000000000000e+00
0.000000000000000000e+00
0.000000000000000000e+00
0.000000000000000000e+00
0.000000000000000000e+00
0.000000000000000000e+00
0.000000000000000000e+00
0.000000000000000000e+00
0.000000000000000000e+00
0.000000000000000000e+00
0.000000000000000000e+00
0.000000000000000000e+00
0.000000000000000000e+00
0.000000000000000000e+00
0.000000000000000000e+00
0.000000000000000000e+00
0.000000000000000000e+00
0.000000000000000000e+00
0.000000000000000000e+00
0.000000000000000000e+00
0.000000000000000000e+00
0.000000000000000000e+00
0.000000000000000000e+00
0.000000000000000000e+00
0.000000000000000000e+00
0.000000000000000000e+00
0.000000000000000000e+00
0.000000000000000000e+00
0.000000000000000000e+00
0.000000000000000000e+00
0.000000000000000000e+00
0.000000000000000000e+00
0.000000000000000000e+00
0.000000000000000000e+00
0.000000000000000000e+00
0.000000000000000000e+00
0.000000000000000000e+00
0.000000000000000000e+00
0.000000000000000000e+00
0.000000000000000000e+00
0.000000000000000000e+00
0.000000000000000000e+00
0.000000000000000000e+00
0.000000000000000000e+00
0.000000000000000000e+00
0.000000000000000000e+00
0.000000000000000000e+00
0.000000000000000000e+00
0.000000000000000000e+00
0.000000000000000000e+00
0.000000000000000000e+00
0.000000000000000000e+00
0.000000000000000000e+00
0.000000000000000000e+00
0.000000000000000000e+00
0.000000000000000000e+00
0.000000000000000000e+00
0.000000000000000000e+00
0.000000000000000000e+00
0.000000000000000000e+00
0.000000000000000000e+00
0.000000000000000000e+00
0.000000000000000000e+00
0.000000000000000000e+00
0.000000000000000000e+00
0.000000000000000000e+00
0.000000000000000000e+00
0.000000000000000000e+00
0.000000000000000000e+00
0.000000000000000000e+00
0.000000000000000000e+00
0.000000000000000000e+00
0.000000000000000000e+00
0.000000000000000000e+00
0.000000000000000000e+00
0.000000000000000000e+00
0.000000000000000000e+00
0.000000000000000000e+00
0.000000000000000000e+00
0.000000000000000000e+00
0.000000000000000000e+00
0.000000000000000000e+00
0.000000000000000000e+00
0.000000000000000000e+00
0.000000000000000000e+00
0.000000000000000000e+00
0.000000000000000000e+00
0.000000000000000000e+00
0.000000000000000000e+00
0.000000000000000000e+00
0.000000000000000000e+00
0.000000000000000000e+00
0.000000000000000000e+00
0.000000000000000000e+00
0.000000000000000000e+00
0.000000000000000000e+00
0.000000000000000000e+00
0.000000000000000000e+00
0.000000000000000000e+00
0.000000000000000000e+00
0.000000000000000000e+00
0.000000000000000000e+00
0.000000000000000000e+00
0.000000000000000000e+00
0.000000000000000000e+00
0.000000000000000000e+00
0.000000000000000000e+00
0.000000000000000000e+00
0.000000000000000000e+00
0.000000000000000000e+00
0.000000000000000000e+00
0.000000000000000000e+00
0.000000000000000000e+00
0.000000000000000000e+00
0.000000000000000000e+00
0.000000000000000000e+00
0.000000000000000000e+00
0.000000000000000000e+00
0.000000000000000000e+00
0.000000000000000000e+00
0.000000000000000000e+00
0.000000000000000000e+00
0.000000000000000000e+00
0.000000000000000000e+00
0.000000000000000000e+00
0.000000000000000000e+00
0.000000000000000000e+00
0.000000000000000000e+00
0.000000000000000000e+00
0.000000000000000000e+00
0.000000000000000000e+00
0.000000000000000000e+00
0.000000000000000000e+00
0.000000000000000000e+00
0.000000000000000000e+00
0.000000000000000000e+00
0.000000000000000000e+00
0.000000000000000000e+00
0.000000000000000000e+00
0.000000000000000000e+00
0.000000000000000000e+00
0.000000000000000000e+00
0.000000000000000000e+00
0.000000000000000000e+00
0.000000000000000000e+00
0.000000000000000000e+00
0.000000000000000000e+00
0.000000000000000000e+00
0.000000000000000000e+00
0.000000000000000000e+00
0.000000000000000000e+00
0.000000000000000000e+00
0.000000000000000000e+00
0.000000000000000000e+00
0.000000000000000000e+00
0.000000000000000000e+00
0.000000000000000000e+00
0.000000000000000000e+00
0.000000000000000000e+00
0.000000000000000000e+00
0.000000000000000000e+00
0.000000000000000000e+00
0.000000000000000000e+00
0.000000000000000000e+00
0.000000000000000000e+00
0.000000000000000000e+00
0.000000000000000000e+00
0.000000000000000000e+00
0.000000000000000000e+00
0.000000000000000000e+00
0.000000000000000000e+00
0.000000000000000000e+00
0.000000000000000000e+00
0.000000000000000000e+00
0.000000000000000000e+00
0.000000000000000000e+00
0.000000000000000000e+00
0.000000000000000000e+00
0.000000000000000000e+00
0.000000000000000000e+00
0.000000000000000000e+00
0.000000000000000000e+00
0.000000000000000000e+00
0.000000000000000000e+00
0.000000000000000000e+00
0.000000000000000000e+00
0.000000000000000000e+00
0.000000000000000000e+00
0.000000000000000000e+00
0.000000000000000000e+00
0.000000000000000000e+00
0.000000000000000000e+00
0.000000000000000000e+00
0.000000000000000000e+00
0.000000000000000000e+00
0.000000000000000000e+00
0.000000000000000000e+00
0.000000000000000000e+00
0.000000000000000000e+00
0.000000000000000000e+00
0.000000000000000000e+00
0.000000000000000000e+00
0.000000000000000000e+00
0.000000000000000000e+00
0.000000000000000000e+00
0.000000000000000000e+00
0.000000000000000000e+00
0.000000000000000000e+00
0.000000000000000000e+00
0.000000000000000000e+00
0.000000000000000000e+00
0.000000000000000000e+00
0.000000000000000000e+00
0.000000000000000000e+00
0.000000000000000000e+00
0.000000000000000000e+00
0.000000000000000000e+00
0.000000000000000000e+00
0.000000000000000000e+00
0.000000000000000000e+00
0.000000000000000000e+00
0.000000000000000000e+00
0.000000000000000000e+00
0.000000000000000000e+00
0.000000000000000000e+00
0.000000000000000000e+00
0.000000000000000000e+00
0.000000000000000000e+00
0.000000000000000000e+00
0.000000000000000000e+00
0.000000000000000000e+00
0.000000000000000000e+00
0.000000000000000000e+00
0.000000000000000000e+00
0.000000000000000000e+00
0.000000000000000000e+00
0.000000000000000000e+00
0.000000000000000000e+00
0.000000000000000000e+00
0.000000000000000000e+00
0.000000000000000000e+00
0.000000000000000000e+00
0.000000000000000000e+00
0.000000000000000000e+00
0.000000000000000000e+00
0.000000000000000000e+00
0.000000000000000000e+00
0.000000000000000000e+00
0.000000000000000000e+00
0.000000000000000000e+00
0.000000000000000000e+00
0.000000000000000000e+00
0.000000000000000000e+00
0.000000000000000000e+00
0.000000000000000000e+00
0.000000000000000000e+00
0.000000000000000000e+00
0.000000000000000000e+00
0.000000000000000000e+00
0.000000000000000000e+00
0.000000000000000000e+00
0.000000000000000000e+00
0.000000000000000000e+00
0.000000000000000000e+00
0.000000000000000000e+00
0.000000000000000000e+00
0.000000000000000000e+00
0.000000000000000000e+00
0.000000000000000000e+00
0.000000000000000000e+00
0.000000000000000000e+00
0.000000000000000000e+00
0.000000000000000000e+00
0.000000000000000000e+00
0.000000000000000000e+00
0.000000000000000000e+00
0.000000000000000000e+00
0.000000000000000000e+00
0.000000000000000000e+00
0.000000000000000000e+00
0.000000000000000000e+00
0.000000000000000000e+00
0.000000000000000000e+00
0.000000000000000000e+00
0.000000000000000000e+00
0.000000000000000000e+00
0.000000000000000000e+00
0.000000000000000000e+00
0.000000000000000000e+00
0.000000000000000000e+00
