0.000000000000000000e+00
0.000000000000000000e+00
0.000000000000000000e+00
0.000000000000000000e+00
0.000000000000000000e+00
0.000000000000000000e+00
0.000000000000000000e+00
0.000000000000000000e+00
0.000000000000000000e+00
0.000000000000000000e+00
0.000000000000000000e+00
0.000000000000000000e+00
0.000000000000000000e+00
0.000000000000000000e+00
0.000000000000000000e+00
0.000000000000000000e+00
0.000000000000000000e+00
0.000000000000000000e+00
0.000000000000000000e+00
0.000000000000000000e+00
0.000000000000000000e+00
0.000000000000000000e+00
0.000000000000000000e+00
0.000000000000000000e+00
0.000000000000000000e+00
0.000000000000000000e+00
0.000000000000000000e+00
0.000000000000000000e+00
0.000000000000000000e+00
0.000000000000000000e+00
0.000000000000000000e+00
0.000000000000000000e+00
0.000000000000000000e+00
0.000000000000000000e+00
0.000000000000000000e+00
0.000000000000000000e+00
0.000000000000000000e+00
0.000000000000000000e+00
0.000000000000000000e+00
0.000000000000000000e+00
0.000000000000000000e+00
0.000000000000000000e+00
0.000000000000000000e+00
0.000000000000000000e+00
0.000000000000000000e+00
0.000000000000000000e+00
0.000000000000000000e+00
0.000000000000000000e+00
0.000000000000000000e+00
0.000000000000000000e+00
0.000000000000000000e+00
0.000000000000000000e+00
0.000000000000000000e+00
0.000000000000000000e+00
0.000000000000000000e+00
0.000000000000000000e+00
0.000000000000000000e+00
0.000000000000000000e+00
0.000000000000000000e+00
0.000000000000000000e+00
0.000000000000000000e+00
0.000000000000000000e+00
0.000000000000000000e+00
0.000000000000000000e+00
0.000000000000000000e+00
0.000000000000000000e+00
0.000000000000000000e+00
0.000000000000000000e+00
0.000000000000000000e+00
0.000000000000000000e+00
0.000000000000000000e+00
0.000000000000000000e+00
0.000000000000000000e+00
0.000000000000000000e+00
0.000000000000000000e+00
0.000000000000000000e+00
0.000000000000000000e+00
0.000000000000000000e+00
0.000000000000000000e+00
0.000000000000000000e+00
0.000000000000000000e+00
0.000000000000000000e+00
0.000000000000000000e+00
0.000000000000000000e+00
0.000000000000000000e+00
0.000000000000000000e+00
0.000000000000000000e+00
0.000000000000000000e+00
0.000000000000000000e+00
0.000000000000000000e+00
0.000000000000000000e+00
0.000000000000000000e+00
0.000000000000000000e+00
0.000000000000000000e+00
0.000000000000000000e+00
0.000000000000000000e+00
0.000000000000000000e+00
1.941041418255777529e-02
7.756611479387368058e-02
8.705143665063344582e-02
8.767335445766956392e-02
1.071554659720933972e-01
1.168331507370647115e-01
1.169192378724636799e-01
9.769534433040369392e-02
7.818842711304929693e-02
5.861388798891277452e-02
2.937341967148544841e-02
2.937341967148544841e-02
9.790364826905661316e-03
0.000000000000000000e+00
0.000000000000000000e+00
0.000000000000000000e+00
0.000000000000000000e+00
0.000000000000000000e+00
0.000000000000000000e+00
0.000000000000000000e+00
0.000000000000000000e+00
0.000000000000000000e+00
0.000000000000000000e+00
0.000000000000000000e+00
0.000000000000000000e+00
0.000000000000000000e+00
0.000000000000000000e+00
0.000000000000000000e+00
0.000000000000000000e+00
0.000000000000000000e+00
0.000000000000000000e+00
0.000000000000000000e+00
0.000000000000000000e+00
0.000000000000000000e+00
0.000000000000000000e+00
0.000000000000000000e+00
0.000000000000000000e+00
0.000000000000000000e+00
7.564093215950740828e-03
2.285477406242657911e-02
3.155830371838971860e-02
3.155830371838971860e-02
3.957778036708442526e-02
5.822579963482252263e-02
7.044392574973694365e-02
9.986081339311851657e-02
1.279981154231017715e-01
1.404111213161992333e-01
1.539690124435234841e-01
1.930426780150210075e-01
2.350597132170474945e-01
4.590786006326339486e-01
6.724087498492373749e-01
7.461047003649173837e-01
9.180555135077506090e-01
9.838673977114535951e-01
9.850513435100866078e-01
9.859330885743751161e-01
9.963405601215988838e-01
9.966121366244078406e-01
9.966214311661782954e-01
9.967984189184074806e-01
9.968374320346895523e-01
9.968248457873915003e-01
9.966863523433454608e-01
9.962404572112637524e-01
9.853177212726087486e-01
9.648185020888988550e-01
9.025761490251755781e-01
8.094598887729037573e-01
4.971280155399431799e-01
3.469532482313127386e-01
2.879739575311585642e-01
1.794101503122440266e-01
1.784856668763940835e-01
1.682177821052057431e-01
1.285558679236707691e-01
9.180343336971272250e-02
9.976354563863278069e-02
6.398983204952322923e-02
8.032424368868448794e-02
6.044233341216981303e-02
5.161423196481652181e-02
4.205775810494746803e-02
4.093250468812736215e-02
4.090940675469915966e-02
3.282201062790118806e-02
2.531008619419718511e-02
9.865604795278554856e-03
9.865604795278554856e-03
9.904328584640994040e-03
9.922657344672455165e-03
9.922657344672455165e-03
7.390608479654402901e-03
7.390608479654402901e-03
6.126358820951111062e-03
6.126358820951111062e-03
6.126358820951111062e-03
4.701936734963360447e-03
4.701936734963360447e-03
0.000000000000000000e+00
5.557047867099953325e-03
5.557047867099953325e-03
5.557047867099953325e-03
5.557047867099953325e-03
3.327114522213633213e-02
3.327114522213633213e-02
3.327114522213633213e-02
4.710337650190372927e-02
7.196445251497603224e-02
1.160343103932255510e-01
1.578608847476883625e-01
2.133273716103212536e-01
3.001315118333304222e-01
4.338851647740745721e-01
5.835548025744341505e-01
7.900246600666180896e-01
8.713247917382490604e-01
9.022870168454824036e-01
9.512648246491803850e-01
9.715808952512149377e-01
9.822517143909927917e-01
9.925546139440273308e-01
9.941734575922174244e-01
9.938934124004533688e-01
9.934476685239265192e-01
9.928045620224063006e-01
9.918970916808675931e-01
9.910206020938007176e-01
9.912079332722527614e-01
9.900399557915061655e-01
9.698980581406544399e-01
9.582969733551576219e-01
9.255130201107558685e-01
8.530150473295559088e-01
8.003582449323681791e-01
7.353913463135937079e-01
5.714205809699018923e-01
4.151678031131996738e-01
1.810916734038215958e-01
1.145614702746945157e-01
7.633936365416382763e-02
5.089150882234159262e-02
2.655606361546604399e-02
1.904574771529617822e-02
2.899720851019365123e-02
2.899720851019365123e-02
9.892369622227850656e-03
9.892369622227850656e-03
9.892369622227850656e-03
9.892369622227850656e-03
9.892369622227850656e-03
9.892369622227850656e-03
9.892369622227850656e-03
9.940120087859990322e-03
9.953665886609223967e-03
9.953665886609223967e-03
0.000000000000000000e+00
0.000000000000000000e+00
0.000000000000000000e+00
9.921362844461777825e-03
9.921362844461777825e-03
9.921362844461777825e-03
9.917318273606617884e-03
9.917318273606617884e-03
9.959647472103283841e-03
9.959647472103283841e-03
9.959647472103283841e-03
9.959647472103283841e-03
9.959647472103283841e-03
0.000000000000000000e+00
0.000000000000000000e+00
0.000000000000000000e+00
0.000000000000000000e+00
0.000000000000000000e+00
7.683381910410927614e-03
4.447322489459879652e-02
9.123136348844276822e-02
1.366823095366659913e-01
1.669988418465850333e-01
2.638278787049113672e-01
4.215173129024133436e-01
5.398694036178101063e-01
6.101030801605331622e-01
7.313334507839757137e-01
8.164299525664230339e-01
8.763241862053621212e-01
8.974515668961990933e-01
9.396276975848641966e-01
9.696100879738837053e-01
9.806704826838706923e-01
9.813565350613544513e-01
9.814001145721934494e-01
9.713732786922513185e-01
9.512344195554629511e-01
9.409191673379376786e-01
9.398527688156894655e-01
9.092721354342289120e-01
8.773019500015928340e-01
8.378831402969040276e-01
8.073210399714322305e-01
7.870619387792600063e-01
6.880432177348727585e-01
6.268079039783127637e-01
5.669870967183424648e-01
4.538961762549007517e-01
3.121551524242358044e-01
1.784793853151200593e-01
3.750780793169480182e-02
2.776160990225408354e-02
1.983179792529551899e-02
9.829384428844319468e-03
9.829384428844319468e-03
9.897173688895947660e-03
9.953986859392825737e-03
9.953986859392825737e-03
9.953986859392825737e-03
9.677138470150508862e-03
9.677138470150508862e-03
9.623931335170908888e-03
9.623931335170908888e-03
9.623931335170908888e-03
9.623931335170908888e-03
9.623931335170908888e-03
0.000000000000000000e+00
0.000000000000000000e+00
0.000000000000000000e+00
0.000000000000000000e+00
0.000000000000000000e+00
0.000000000000000000e+00
0.000000000000000000e+00
0.000000000000000000e+00
0.000000000000000000e+00
0.000000000000000000e+00
0.000000000000000000e+00
0.000000000000000000e+00
0.000000000000000000e+00
0.000000000000000000e+00
0.000000000000000000e+00
0.000000000000000000e+00
0.000000000000000000e+00
0.000000000000000000e+00
0.000000000000000000e+00
0.000000000000000000e+00
9.638401270562169457e-03
9.638401270562169457e-03
2.787196476890560146e-02
2.787196476890560146e-02
3.706848507108109758e-02
5.684692559172575127e-02
7.463354819128011075e-02
2.504825388800413499e-01
3.904565415254586669e-01
4.939252815875713187e-01
6.517507676513213388e-01
7.044614621309124303e-01
7.850736135742135691e-01
8.465959755929040043e-01
9.174612920427526186e-01
9.287820410523912606e-01
9.694925411187391706e-01
9.897050639403965899e-01
9.900658486960778326e-01
9.900069622699452232e-01
9.688765963956343930e-01
9.370678109802877964e-01
9.260843381084878922e-01
8.968698995385737671e-01
8.561432837368359028e-01
8.060051523246706262e-01
7.260725318649429161e-01
7.017949238429973535e-01
6.211276762509230220e-01
5.021486393055607511e-01
3.677583765109886382e-01
2.660553160241210247e-01
1.040897268968585532e-01
5.714833975802353222e-02
3.682788262916100730e-02
2.739973607398214425e-02
2.708340101672411862e-02
2.676025010941616641e-02
1.677086784609406120e-02
2.363277185618730195e-02
2.363277185618730195e-02
1.677086784609406120e-02
7.453950684011705768e-03
9.813469104199888313e-03
9.813469104199888313e-03
6.093028265574409151e-03
6.093028265574409151e-03
6.093028265574409151e-03
6.082612627344576722e-03
6.082612627344576722e-03
6.082612627344576722e-03
6.082612627344576722e-03
8.806312261425155996e-03
8.806312261425155996e-03
8.806312261425155996e-03
0.000000000000000000e+00
0.000000000000000000e+00
0.000000000000000000e+00
0.000000000000000000e+00
0.000000000000000000e+00
0.000000000000000000e+00
0.000000000000000000e+00
0.000000000000000000e+00
0.000000000000000000e+00
0.000000000000000000e+00
0.000000000000000000e+00
7.494162274902915928e-03
7.494162274902915928e-03
7.494162274902915928e-03
7.494162274902915928e-03
7.494162274902915928e-03
7.494162274902915928e-03
7.494162274902915928e-03
7.494162274902915928e-03
7.494162274902915928e-03
1.602573572759159390e-02
5.654352234344935807e-02
1.069347140049209388e-01
2.222855392385866269e-01
3.511486730382173405e-01
4.490330636327252156e-01
5.759890957816362622e-01
6.937489990053630207e-01
7.145417338116749617e-01
7.874285391717884552e-01
8.277564323159246618e-01
8.498526238519735765e-01
9.306566184519027285e-01
9.410098950613496882e-01
9.702066174132952803e-01
9.690377685667693752e-01
9.473066106847050083e-01
9.058941781015422690e-01
8.658472734558222417e-01
7.652592555625440385e-01
7.351306716066382529e-01
6.735875176482040150e-01
6.636856928333382255e-01
6.378690282771991571e-01
5.887282010059132764e-01
5.484009409239374300e-01
4.723213519803109439e-01
4.424684194058917108e-01
4.229715312654402370e-01
3.606592381149102966e-01
2.817394233551239191e-01
2.434409908854898996e-01
1.541071922049551124e-01
1.374536448881725770e-01
1.078340434034245204e-01
6.751491396156505953e-02
5.718081771331338936e-02
3.737999176406291840e-02
2.769965982967024370e-02
9.629760219664140405e-03
1.942248228781168901e-02
0.000000000000000000e+00
0.000000000000000000e+00
0.000000000000000000e+00
0.000000000000000000e+00
0.000000000000000000e+00
0.000000000000000000e+00
0.000000000000000000e+00
0.000000000000000000e+00
0.000000000000000000e+00
0.000000000000000000e+00
0.000000000000000000e+00
0.000000000000000000e+00
0.000000000000000000e+00
0.000000000000000000e+00
0.000000000000000000e+00
0.000000000000000000e+00
0.000000000000000000e+00
0.000000000000000000e+00
0.000000000000000000e+00
0.000000000000000000e+00
0.000000000000000000e+00
0.000000000000000000e+00
0.000000000000000000e+00
0.000000000000000000e+00
0.000000000000000000e+00
0.000000000000000000e+00
0.000000000000000000e+00
0.000000000000000000e+00
0.000000000000000000e+00
0.000000000000000000e+00
0.000000000000000000e+00
0.000000000000000000e+00
0.000000000000000000e+00
1.946347468928149443e-02
7.793269115754350440e-02
1.979430013763523732e-01
3.667668345463753199e-01
4.969110977677977381e-01
6.066684441866858624e-01
7.068780781277307357e-01
8.369580264572349382e-01
9.168312364298727424e-01
9.862728958926283429e-01
9.966963143608396081e-01
9.966937411467428065e-01
9.962071155898035713e-01
9.958261911624484153e-01
9.750495118030937380e-01
8.910558046192875725e-01
7.013870380272396732e-01
5.909379888220478438e-01
4.930285100378026808e-01
4.331164613800768670e-01
3.824982125683890066e-01
2.975962161295320207e-01
1.823178194628141680e-01
9.698171977511278741e-02
5.379094341580441252e-02
3.563610431031585118e-02
8.913638326518430119e-03
0.000000000000000000e+00
9.950275481622257445e-03
9.950275481622257445e-03
9.950275481622257445e-03
9.959930404658142583e-03
9.965576933987155273e-03
9.965576933987155273e-03
9.965576933987155273e-03
9.965576933987155273e-03
9.965576933987155273e-03
9.965576933987155273e-03
9.955704999564229246e-03
9.913483037040845061e-03
9.913483037040845061e-03
9.889667965501414484e-03
0.000000000000000000e+00
0.000000000000000000e+00
0.000000000000000000e+00
0.000000000000000000e+00
0.000000000000000000e+00
0.000000000000000000e+00
0.000000000000000000e+00
0.000000000000000000e+00
0.000000000000000000e+00
0.000000000000000000e+00
0.000000000000000000e+00
0.000000000000000000e+00
0.000000000000000000e+00
0.000000000000000000e+00
0.000000000000000000e+00
0.000000000000000000e+00
0.000000000000000000e+00
0.000000000000000000e+00
0.000000000000000000e+00
0.000000000000000000e+00
0.000000000000000000e+00
0.000000000000000000e+00
0.000000000000000000e+00
0.000000000000000000e+00
0.000000000000000000e+00
0.000000000000000000e+00
0.000000000000000000e+00
0.000000000000000000e+00
0.000000000000000000e+00
0.000000000000000000e+00
0.000000000000000000e+00
0.000000000000000000e+00
0.000000000000000000e+00
0.000000000000000000e+00
0.000000000000000000e+00
0.000000000000000000e+00
0.000000000000000000e+00
0.000000000000000000e+00
0.000000000000000000e+00
0.000000000000000000e+00
0.000000000000000000e+00
0.000000000000000000e+00
0.000000000000000000e+00
0.000000000000000000e+00
0.000000000000000000e+00
0.000000000000000000e+00
0.000000000000000000e+00
0.000000000000000000e+00
0.000000000000000000e+00
0.000000000000000000e+00
0.000000000000000000e+00
0.000000000000000000e+00
0.000000000000000000e+00
0.000000000000000000e+00
0.000000000000000000e+00
0.000000000000000000e+00
0.000000000000000000e+00
0.000000000000000000e+00
0.000000000000000000e+00
0.000000000000000000e+00
0.000000000000000000e+00
0.000000000000000000e+00
0.000000000000000000e+00
0.000000000000000000e+00
0.000000000000000000e+00
0.000000000000000000e+00
0.000000000000000000e+00
0.000000000000000000e+00
0.000000000000000000e+00
0.000000000000000000e+00
0.000000000000000000e+00
0.000000000000000000e+00
0.000000000000000000e+00
0.000000000000000000e+00
0.000000000000000000e+00
0.000000000000000000e+00
0.000000000000000000e+00
0.000000000000000000e+00
0.000000000000000000e+00
0.000000000000000000e+00
0.000000000000000000e+00
0.000000000000000000e+00
0.000000000000000000e+00
0.000000000000000000e+00
0.000000000000000000e+00
0.000000000000000000e+00
0.000000000000000000e+00
0.000000000000000000e+00
0.000000000000000000e+00
0.000000000000000000e+00
0.000000000000000000e+00
0.000000000000000000e+00
0.000000000000000000e+00
0.000000000000000000e+00
0.000000000000000000e+00
0.000000000000000000e+00
0.000000000000000000e+00
0.000000000000000000e+00
0.000000000000000000e+00
0.000000000000000000e+00
0.000000000000000000e+00
0.000000000000000000e+00
0.000000000000000000e+00
0.000000000000000000e+00
0.000000000000000000e+00
0.000000000000000000e+00
0.000000000000000000e+00
0.000000000000000000e+00
0.000000000000000000e+00
0.000000000000000000e+00
0.000000000000000000e+00
0.000000000000000000e+00
0.000000000000000000e+00
0.000000000000000000e+00
0.000000000000000000e+00
0.000000000000000000e+00
0.000000000000000000e+00
0.000000000000000000e+00
0.000000000000000000e+00
0.000000000000000000e+00
0.000000000000000000e+00
0.000000000000000000e+00
0.000000000000000000e+00
0.000000000000000000e+00
0.000000000000000000e+00
0.000000000000000000e+00
0.000000000000000000e+00
0.000000000000000000e+00
0.000000000000000000e+00
0.000000000000000000e+00
0.000000000000000000e+00
0.000000000000000000e+00
0.000000000000000000e+00
0.000000000000000000e+00
0.000000000000000000e+00
0.000000000000000000e+00
0.000000000000000000e+00
0.000000000000000000e+00
0.000000000000000000e+00
0.000000000000000000e+00
0.000000000000000000e+00
0.000000000000000000e+00
0.000000000000000000e+00
0.000000000000000000e+00
0.000000000000000000e+00
0.000000000000000000e+00
0.000000000000000000e+00
0.000000000000000000e+00
0.000000000000000000e+00
0.000000000000000000e+00
0.000000000000000000e+00
0.000000000000000000e+00
0.000000000000000000e+00
0.000000000000000000e+00
0.000000000000000000e+00
0.000000000000000000e+00
0.000000000000000000e+00
0.000000000000000000e+00
0.000000000000000000e+00
0.000000000000000000e+00
0.000000000000000000e+00
0.000000000000000000e+00
0.000000000000000000e+00
0.000000000000000000e+00
0.000000000000000000e+00
0.000000000000000000e+00
0.000000000000000000e+00
0.000000000000000000e+00
0.000000000000000000e+00
0.000000000000000000e+00
0.000000000000000000e+00
0.000000000000000000e+00
0.000000000000000000e+00
0.000000000000000000e+00
0.000000000000000000e+00
0.000000000000000000e+00
0.000000000000000000e+00
0.000000000000000000e+00
0.000000000000000000e+00
0.000000000000000000e+00
0.000000000000000000e+00
0.000000000000000000e+00
0.000000000000000000e+00
0.000000000000000000e+00
0.000000000000000000e+00
0.000000000000000000e+00
0.000000000000000000e+00
0.000000000000000000e+00
0.000000000000000000e+00
0.000000000000000000e+00
0.000000000000000000e+00
0.000000000000000000e+00
0.000000000000000000e+00
0.000000000000000000e+00
0.000000000000000000e+00
0.000000000000000000e+00
0.000000000000000000e+00
0.000000000000000000e+00
0.000000000000000000e+00
0.000000000000000000e+00
0.000000000000000000e+00
0.000000000000000000e+00
0.000000000000000000e+00
0.000000000000000000e+00
0.000000000000000000e+00
0.000000000000000000e+00
0.000000000000000000e+00
0.000000000000000000e+00
0.000000000000000000e+00
0.000000000000000000e+00
0.000000000000000000e+00
0.000000000000000000e+00
0.000000000000000000e+00
0.000000000000000000e+00
0.000000000000000000e+00
0.000000000000000000e+00
0.000000000000000000e+00
0.000000000000000000e+00
0.000000000000000000e+00
0.000000000000000000e+00
0.000000000000000000e+00
0.000000000000000000e+00
0.000000000000000000e+00
0.000000000000000000e+00
0.000000000000000000e+00
0.000000000000000000e+00
0.000000000000000000e+00
0.000000000000000000e+00
0.000000000000000000e+00
0.000000000000000000e+00
0.000000000000000000e+00
0.000000000000000000e+00
0.000000000000000000e+00
0.000000000000000000e+00
0.000000000000000000e+00
0.000000000000000000e+00
0.000000000000000000e+00
0.000000000000000000e+00
0.000000000000000000e+00
0.000000000000000000e+00
0.000000000000000000e+00
0.000000000000000000e+00
0.000000000000000000e+00
0.000000000000000000e+00
0.000000000000000000e+00
0.000000000000000000e+00
0.000000000000000000e+00
0.000000000000000000e+00
0.000000000000000000e+00
0.000000000000000000e+00
0.000000000000000000e+00
0.000000000000000000e+00
0.000000000000000000e+00
0.000000000000000000e+00
0.000000000000000000e+00
0.000000000000000000e+00
0.000000000000000000e+00
0.000000000000000000e+00
0.000000000000000000e+00
0.000000000000000000e+00
0.000000000000000000e+00
0.000000000000000000e+00
0.000000000000000000e+00
0.000000000000000000e+00
0.000000000000000000e+00
0.000000000000000000e+00
0.000000000000000000e+00
0.000000000000000000e+00
0.000000000000000000e+00
0.000000000000000000e+00
0.000000000000000000e+00
0.000000000000000000e+00
0.000000000000000000e+00
0.000000000000000000e+00
0.000000000000000000e+00
0.000000000000000000e+00
0.000000000000000000e+00
0.000000000000000000e+00
0.000000000000000000e+00
0.000000000000000000e+00
0.000000000000000000e+00
0.000000000000000000e+00
0.000000000000000000e+00
0.000000000000000000e+00
0.000000000000000000e+00
0.000000000000000000e+00
0.000000000000000000e+00
0.000000000000000000e+00
0.000000000000000000e+00
0.000000000000000000e+00
0.000000000000000000e+00
0.000000000000000000e+00
0.000000000000000000e+00
0.000000000000000000e+00
0.000000000000000000e+00
0.000000000000000000e+00
0.000000000000000000e+00
0.000000000000000000e+00
0.000000000000000000e+00
0.000000000000000000e+00
0.000000000000000000e+00
0.000000000000000000e+00
0.000000000000000000e+00
0.000000000000000000e+00
0.000000000000000000e+00
0.000000000000000000e+00
0.000000000000000000e+00
0.000000000000000000e+00
0.000000000000000000e+00
0.000000000000000000e+00
0.000000000000000000e+00
0.000000000000000000e+00
0.000000000000000000e+00
0.000000000000000000e+00
0.000000000000000000e+00
0.000000000000000000e+00
0.000000000000000000e+00
0.000000000000000000e+00
0.000000000000000000e+00
0.000000000000000000e+00
0.000000000000000000e+00
0.000000000000000000e+00
0.000000000000000000e+00
0.000000000000000000e+00
0.000000000000000000e+00
0.000000000000000000e+00
0.000000000000000000e+00
0.000000000000000000e+00
0.000000000000000000e+00
0.000000000000000000e+00
0.000000000000000000e+00
0.000000000000000000e+00
0.000000000000000000e+00
0.000000000000000000e+00
0.000000000000000000e+00
0.000000000000000000e+00
0.000000000000000000e+00
0.000000000000000000e+00
0.000000000000000000e+00
0.000000000000000000e+00
0.000000000000000000e+00
0.000000000000000000e+00
0.000000000000000000e+00
0.000000000000000000e+00
0.000000000000000000e+00
0.000000000000000000e+00
0.000000000000000000e+00
0.000000000000000000e+00
0.000000000000000000e+00
0.000000000000000000e+00
0.000000000000000000e+00
0.000000000000000000e+00
0.000000000000000000e+00
0.000000000000000000e+00
0.000000000000000000e+00
0.000000000000000000e+00
0.000000000000000000e+00
0.000000000000000000e+00
0.000000000000000000e+00
0.000000000000000000e+00
0.000000000000000000e+00
0.000000000000000000e+00
0.000000000000000000e+00
0.000000000000000000e+00
0.000000000000000000e+00
0.000000000000000000e+00
0.000000000000000000e+00
0.000000000000000000e+00
0.000000000000000000e+00
0.000000000000000000e+00
0.000000000000000000e+00
0.000000000000000000e+00
0.000000000000000000e+00
0.000000000000000000e+00
0.000000000000000000e+00
0.000000000000000000e+00
0.000000000000000000e+00
0.000000000000000000e+00
0.000000000000000000e+00
0.000000000000000000e+00
0.000000000000000000e+00
0.000000000000000000e+00
0.000000000000000000e+00
0.000000000000000000e+00
0.000000000000000000e+00
0.000000000000000000e+00
0.000000000000000000e+00
0.000000000000000000e+00
0.000000000000000000e+00
0.000000000000000000e+00
0.000000000000000000e+00
0.000000000000000000e+00
0.000000000000000000e+00
0.000000000000000000e+00
0.000000000000000000e+00
0.000000000000000000e+00
0.000000000000000000e+00
0.000000000000000000e+00
0.000000000000000000e+00
0.000000000000000000e+00
0.000000000000000000e+00
0.000000000000000000e+00
0.000000000000000000e+00
0.000000000000000000e+00
0.000000000000000000e+00
0.000000000000000000e+00
0.000000000000000000e+00
0.000000000000000000e+00
0.000000000000000000e+00
0.000000000000000000e+00
0.000000000000000000e+00
0.000000000000000000e+00
0.000000000000000000e+00
0.000000000000000000e+00
0.000000000000000000e+00
0.000000000000000000e+00
0.000000000000000000e+00
0.000000000000000000e+00
0.000000000000000000e+00
0.000000000000000000e+00
0.000000000000000000e+00
0.000000000000000000e+00
0.000000000000000000e+00
0.000000000000000000e+00
0.000000000000000000e+00
0.000000000000000000e+00
0.000000000000000000e+00
0.000000000000000000e+00
0.000000000000000000e+00
0.000000000000000000e+00
0.000000000000000000e+00
0.000000000000000000e+00
0.000000000000000000e+00
0.000000000000000000e+00
0.000000000000000000e+00
0.000000000000000000e+00
0.000000000000000000e+00
0.000000000000000000e+00
0.000000000000000000e+00
0.000000000000000000e+00
0.000000000000000000e+00
0.000000000000000000e+00
0.000000000000000000e+00
0.000000000000000000e+00
0.000000000000000000e+00
0.000000000000000000e+00
0.000000000000000000e+00
0.000000000000000000e+00
0.000000000000000000e+00
0.000000000000000000e+00
0.000000000000000000e+00
0.000000000000000000e+00
0.000000000000000000e+00
0.000000000000000000e+00
0.000000000000000000e+00
0.000000000000000000e+00
0.000000000000000000e+00
0.000000000000000000e+00
0.000000000000000000e+00
0.000000000000000000e+00
0.000000000000000000e+00
0.000000000000000000e+00
0.000000000000000000e+00
0.000000000000000000e+00
0.000000000000000000e+00
0.000000000000000000e+00
0.000000000000000000e+00
0.000000000000000000e+00
